437,4
4294967294,477
312,4
161,5
8,0
4294967278,386
252,6
4294967278,353
376,4
4294967294,1435
433,4
4294967278,329
4294967279,566
439,6
443,4
438,11
442,4
438,113
438,110
438,116
441,4
4294967294,1032
4294967294,1030
4294967294,1029
4294967294,1027
4294967294,1026
4294967294,989
4294967294,987
4294967294,986
4294967294,985
4294967294,983
4294967294,982
4294967294,979
4294967294,977
4294967294,973
4294967294,972
4294967294,970
4294967294,422
4294967294,190
4294967294,185
4294967294,182
4294967294,170
4294967294,163
4294967294,162
4294967294,161
439,25
438,12
438,93
438,99
438,53
438,41
438,62
438,97
438,90
438,88
438,82
438,89
438,92
438,91
438,81
438,70
438,69
438,60
438,64
438,72
438,68
438,22
438,46
438,14
438,35
438,32
438,31
438,55
438,56
438,51
438,38
438,47
438,44
438,71
438,79
438,66
438,85
438,78
438,40
438,34
438,39
438,23
439,23
438,73
439,19
438,74
439,15
439,18
439,16
439,10
439,12
438,59
438,57
438,48
438,49
438,43
438,33
438,17
438,37
438,29
438,20
438,10
438,8
438,24
439,9
438,18
438,63
438,58
438,54
438,45
438,42
438,27
438,30
438,16
438,9
438,6
439,8
439,4
439,7
438,7
438,4
4294967294,61
440,5
438,5
4294967278,257
4,2
260,53
260,0
260,42
259,37
259,0
259,32
259,36
260,52
260,24
4294967279,268
260,51
259,35
260,50
260,26
260,49
260,17
260,48
259,34
260,47
259,33
8,20
4294967278,385
8,19
259,27
8,18
8,17
4294967279,157
8,16
259,31
260,46
4294967279,357
260,45
8,15
8,14
401,6
397,4
397,5
411,4
4294967278,328
4294967294,474
260,44
260,43
260,20
259,30
260,19
4294967278,333
527,5
527,4
527,3
527,2
527,1
4294967294,1453
526,5
526,4
526,3
526,2
526,1
525,4
525,3
525,2
525,1
260,41
4294967294,1153
4294967278,300
524,4
524,3
524,2
524,1
4294967294,1028
4294967294,1447
8,2
4294967278,289
259,29
260,40
260,39
4294967278,365
522,4
522,3
522,2
522,1
4294967279,238
4294967278,319
4294967278,318
4294967279,516
4294967279,228
4294967278,317
4294967278,321
4294967279,138
4294967278,370
4294967294,457
4294967294,458
4294967279,134
4294967279,526
3,2
259,28
259,23
4294967279,133
4294967279,290
260,38
260,37
259,26
260,36
514,4
514,3
514,2
514,1
260,12
260,35
4294967294,510
260,16
379,2
8,6
8,9
8,4
5,4
4,4
260,34
8,8
8,7
5,5
4,5
4294967279,319
4294967279,522
4294967278,355
513,4
513,3
513,2
513,1
260,33
4294967279,318
259,25
4294967294,1537
4294967294,427
4294967294,483
4294967294,454
4294967279,344
260,32
4294967279,532
4294967278,295
4294967279,524
260,11
4294967278,358
4294967279,551
510,5
510,4
510,3
510,2
510,1
4294967279,569
4294967279,559
4294967279,317
4294967279,316
260,31
4294967278,357
259,24
4294967278,315
4294967279,315
4294967279,356
4294967279,314
4294967278,314
4294967278,368
259,18
4294967278,313
4294967278,334
4294967294,109
4294967294,463
4294967294,113
4294967294,449
4294967294,111
4294967294,465
4294967279,277
4294967278,327
260,30
260,15
4294967279,342
4294967279,241
4294967279,326
4294967278,235
4294967278,231
4294967278,363
4294967279,246
259,22
4294967279,351
4294967279,321
4294967294,114
4294967294,1538
4294967279,284
260,29
260,28
259,21
4294967294,50
4294967294,38
4294967294,1429
4294967278,312
4294967294,484
4294967294,502
4294967294,490
4294967278,195
4294967294,475
4294967294,503
4294967294,187
260,27
260,25
4294967279,182
4294967294,89
4294967278,171
4294967279,172
4294967278,310
259,20
4294967294,1039
4294967278,161
4294967279,162
4294967278,160
260,23
4294967278,132
4294967278,131
4294967278,130
4294967278,129
4294967278,128
4294967278,127
4294967278,126
4294967278,125
4294967278,124
4294967278,123
4294967278,122
4294967278,121
4294967278,120
4294967278,119
4294967278,118
4294967278,117
4294967278,116
4294967278,115
4294967278,114
4294967278,113
4294967278,112
4294967278,111
4294967278,110
4294967278,109
4294967278,108
4294967278,107
4294967278,106
4294967278,105
4294967278,104
4294967278,103
4294967278,102
4294967278,101
4294967278,100
4294967278,99
4294967278,98
4294967278,97
4294967278,96
4294967278,95
4294967278,94
4294967278,93
4294967278,92
4294967278,89
4294967278,86
4294967278,85
4294967278,84
4294967278,83
4294967278,82
4294967278,81
4294967278,80
4294967278,77
4294967278,74
4294967278,72
4294967278,71
4294967278,70
4294967278,69
4294967278,68
4294967278,67
4294967278,66
4294967278,65
4294967278,64
4294967278,63
4294967278,62
4294967278,61
4294967278,59
4294967278,58
4294967278,57
4294967278,56
4294967278,55
4294967278,54
4294967278,52
4294967278,51
4294967278,50
4294967278,49
4294967278,48
4294967278,47
4294967278,46
4294967278,43
4294967278,41
4294967278,40
4294967278,38
4294967279,22
4294967279,19
4294967279,18
4294967279,17
4294967279,16
4294967279,14
4294967279,11
4294967279,8
4294967279,6
4294967279,5
496,6
496,5
496,4
413,8
413,6
413,5
496,3
496,2
496,1
259,19
4294967294,509
259,14
4294967294,418
4294967294,451
4294967294,478
4294967294,476
4294967294,508
4294967279,383
495,4
495,3
495,2
495,1
393,2
494,5
494,4
494,3
494,2
494,1
4294967294,1458
4294967279,553
4294967278,288
260,22
259,17
260,21
259,16
259,15
4294967279,150
260,18
4294967279,271
2,14
2,0
2,2
4294967279,312
492,0
259,11
492,11
4294967279,538
4294967294,1536
4294967279,234
4294967278,174
4294967278,36
4294967278,35
4294967278,34
4294967278,33
4294967279,293
4294967279,24
4294967279,23
4294967279,21
4294967279,20
4294967279,15
4294967279,13
4294967279,12
4294967279,10
4294967279,9
4294967279,7
4294967279,4
259,13
4294967279,570
4294967279,557
492,10
492,9
492,8
492,7
492,6
492,5
492,4
492,3
492,2
492,1
260,5
4294967278,360
4294967278,345
259,12
390,2
4294967278,157
4294967279,535
260,14
260,7
4294967279,270
4294967278,267
386,2
260,13
4294967294,445
4294967278,336
4294967294,0
4294967278,276
4294967279,215
4294967279,328
259,10
4294967279,208
4294967278,361
259,5
259,9
4294967278,350
260,6
4294967279,189
4294967278,186
4294967278,352
4294967278,351
4294967278,349
4294967279,226
3,4
2,8
4294967294,471
4294967294,1021
4294967294,1035
4294967279,222
4294967279,167
4294967279,574
4294967278,322
4294967279,550
4294967294,984
4294967279,263
489,6
489,5
489,4
4294967278,415
489,3
489,2
489,1
8,13
4294967294,1024
4294967294,176
4294967294,439
4294967294,402
4294967278,215
4294967279,531
4294967279,220
4294967279,279
260,10
4294967278,201
4294967279,573
4294967278,187
363,7
363,6
4294967279,181
4294967278,309
4294967294,384
4294967294,168
4294967294,412
4294967294,468
259,8
379,6
379,4
4294967294,1452
4294967278,217
4294967279,166
4294967278,299
4294967279,309
4294967279,165
4294967279,543
8,12
4294967278,91
4294967278,90
4294967278,87
4294967278,79
4294967278,78
4294967278,76
4294967278,75
4294967278,73
4294967278,60
4294967278,53
4294967278,45
4294967278,343
4294967279,571
4294967279,308
4294967279,513
4294967279,262
4294967278,307
4294967278,342
4294967279,548
485,5
485,4
485,3
485,2
485,1
4294967279,306
4294967279,223
4294967279,567
4294967294,507
4294967279,204
4294967279,203
4294967279,202
4294967279,305
4294967294,40
4294967279,186
4294967278,182
4294967279,180
4294967279,304
4294967279,173
4294967278,170
4294967279,171
4294967278,169
4294967279,170
385,5
4294967279,331
4294967279,164
4294967278,306
4294967279,163
4294967279,320
2,12
2,7
393,6
393,4
390,4
4294967279,158
4294967278,154
4294967279,552
192,2
4294967278,151
4294967279,151
4294967278,150
393,5
386,4
4294967279,140
4294967278,139
4294967279,139
259,7
259,1
259,6
260,9
260,1
260,8
4294967279,266
4294967278,262
4294967278,330
4294967278,356
4294967279,539
4294967279,537
4294967278,253
4294967279,245
4294967278,44
4294967278,42
4294967278,39
4294967278,37
4294967279,25
4294967278,228
4294967278,224
4294967294,1542
4294967294,506
4294967279,359
482,0
482,14
4294967294,505
4294967278,399
482,13
4294967294,397
4294967294,971
4294967294,407
4294967294,1019
4294967294,179
4294967294,988
4294967294,416
4294967294,403
4294967294,411
4294967294,482
4294967294,404
4294967294,479
4294967294,410
4294967294,500
4294967278,229
482,12
4294967294,497
4294967278,202
4294967294,393
4294967294,1425
4294967294,390
4294967279,303
482,11
4294967294,1442
4294967294,388
4294967294,420
4294967279,201
4294967279,313
4294967279,200
482,10
4294967278,196
4294967279,197
4294967294,1
4294967294,496
4294967294,1434
4294967279,195
482,9
4294967294,417
4294967294,469
4294967294,460
4294967294,405
4294967294,184
4294967294,391
4294967294,495
4294967279,367
482,8
4294967278,184
4294967279,185
4294967279,184
4294967279,183
4294967294,492
4294967294,1426
4294967279,302
4294967278,176
4294967279,177
4294967279,176
4294967278,173
482,7
482,6
4294967279,169
482,5
482,4
4294967278,166
482,3
482,2
482,1
4294967278,159
4294967279,542
4294967279,301
4294967278,149
4294967279,289
481,7
4294967278,144
481,6
481,5
481,4
481,3
481,2
481,1
4294967278,138
4294967278,275
4294967278,136
4294967278,135
4294967279,135
4294967278,304
4294967278,271
4294967278,265
4294967279,265
4294967294,419
4294967294,1467
4294967294,399
4294967294,398
4294967294,164
4294967294,450
4294967294,108
4294967278,241
4294967294,1436
4294967294,425
4294967294,115
4294967278,419
4294967279,235
4294967278,233
4294967279,300
4294967278,303
4294967278,222
4294967278,218
4294967279,219
4294967294,1152
4294967294,1025
4294967294,1031
4294967294,980
4294967294,46
4294967294,120
4294967294,489
4294967279,210
4294967279,209
4294967278,207
2,9
4294967278,435
4294967279,205
478,6
478,5
478,4
4294967279,379
4294967278,198
4294967279,199
478,3
478,2
478,1
4294967278,302
4294967278,0
4294967278,431
4294967279,190
0,7
4294967278,183
259,2
4294967279,556
4294967294,81
23,27
448,10
448,0
448,9
4294967279,161
4294967279,160
4294967279,299
4294967278,442
260,2
4294967279,149
4294967279,286
4294967294,5
251,2
183,11
183,5
183,9
4294967279,137
183,10
183,8
183,7
4294967294,36
193,5
4294967294,1433
4294967294,990
4294967294,406
4294967294,456
4294967294,498
4294967294,499
4294967294,461
4294967294,169
4294967294,467
4294967294,501
4294967294,29
4294967294,44
4294967278,445
4294967278,282
4294967279,269
4294967278,266
4294967279,287
477,4
477,3
477,2
477,1
4294967279,541
253,2
4294967279,517
4294967294,17
4294967294,99
4294967294,76
4294967294,41
4294967279,0
4294967294,43
