4294967279,260
4294967294,1466
8,20
8,19
8,18
8,17
4294967294,1538
8,14
4294967279,426
4294967279,261
4294967278,402
257,110
251,0
258,143
257,109
258,203
258,77
258,120
258,118
257,63
257,62
258,202
258,198
8,80
8,79
304,4
257,108
258,142
251,9
258,119
257,107
258,114
4294967294,506
4294967294,1464
319,2
258,141
257,106
4294967278,242
4294967278,39
4294967279,377
4294967279,322
4294967279,336
4294967279,168
258,116
218,7
257,11
257,9
257,7
257,61
4294967278,355
182,4
192,4
4294967294,1437
4294967279,538
35,0
4294967279,209
4294967278,207
257,105
258,19
4294967278,187
4294967279,188
258,140
258,117
258,113
4294967294,1438
4294967294,1426
4294967294,1428
4294967294,486
436,6
258,201
258,195
258,200
4294967279,162
4294967278,152
4294967278,373
4294967278,240
4294967279,320
4294967279,253
4294967279,252
289,5
23,19
35,2
35,9
23,24
32,23
33,7
4294967294,1424
258,199
258,194
258,13
4294967294,501
257,104
297,4
4294967294,504
4294967294,1039
258,115
258,139
258,5
4294967278,350
4294967278,409
4294967279,378
4294967279,375
4294967279,513
4294967279,355
4294967279,380
4294967279,236
257,103
4294967279,235
4294967278,220
4294967279,221
4294967279,211
257,60
4294967278,208
258,7
4294967278,201
4294967279,201
4294967279,195
4294967279,191
4294967279,183
4294967279,182
4294967279,170
4294967279,163
4294967279,160
4294967279,156
258,138
8,78
8,77
257,102
8,76
8,75
4294967294,52
4294967294,471
8,5
8,74
8,73
8,72
8,71
4294967279,278
4294967279,289
257,10
8,70
8,69
8,68
8,1
8,67
8,2
8,12
8,10
8,11
257,5
258,6
4294967278,269
4294967278,238
4294967278,235
4294967278,233
4294967279,370
4294967279,222
4294967279,246
4294967279,373
4294967279,372
4294967279,371
4294967279,213
4294967278,456
4294967278,0
258,8
246,4
23,22
23,13
23,11
33,13
33,6
258,74
257,101
258,137
4294967278,379
4294967278,223
4294967278,287
4294967278,231
4294967278,227
4294967278,225
4294967279,234
4294967279,574
4294967279,242
4294967279,569
257,100
4294967278,186
4294967279,187
4294967279,179
4294967278,176
4294967279,177
4294967279,176
258,112
4294967278,173
0,7
257,59
4294967278,158
4294967279,154
4294967278,146
4294967278,142
4294967279,137
4294967279,269
4294967278,266
4294967279,267
4294967278,265
4294967278,264
4294967279,259
4294967278,278
4294967279,258
257,1
257,99
4294967279,540
4294967279,541
4294967294,22
4294967294,17
4294967294,67
4294967294,76
4294967294,41
4294967294,43
4294967294,25
4294967294,26
4294967294,82
4294967294,7
4294967294,6
257,6
258,136
258,197
258,110
4294967279,247
4294967278,243
4294967279,243
4294967279,229
4294967278,224
4294967279,225
4294967278,222
4294967279,223
4294967278,216
4294967279,215
4294967278,213
4294967279,212
258,109
4294967279,204
258,196
258,107
4294967279,196
4294967278,194
0,5
4294967278,185
4294967293,131
4294967293,130
4294967293,129
4294967293,128
4294967293,127
4294967293,126
4294967293,125
4294967293,124
4294967293,123
4294967293,122
4294967293,121
4294967293,120
4294967293,119
4294967293,118
4294967293,117
4294967293,116
4294967293,115
4294967293,114
4294967293,113
4294967293,112
4294967293,111
4294967293,110
4294967293,109
4294967293,108
4294967293,107
4294967293,106
4294967293,105
4294967293,104
4294967293,103
4294967293,102
4294967293,101
4294967293,100
4294967293,99
4294967293,98
4294967293,97
4294967293,96
4294967293,95
4294967293,94
4294967293,93
4294967293,92
4294967293,91
4294967293,90
4294967293,89
4294967293,87
4294967293,86
4294967293,85
4294967293,84
4294967293,83
4294967293,82
4294967293,81
4294967293,80
4294967293,79
4294967293,78
4294967293,77
4294967293,76
4294967293,75
4294967293,74
4294967293,73
4294967293,72
4294967293,71
4294967293,70
4294967293,69
4294967293,68
4294967293,67
4294967293,66
4294967293,65
4294967293,64
4294967293,63
4294967293,62
4294967293,61
4294967293,60
4294967293,59
4294967293,58
4294967293,57
4294967293,56
4294967293,55
4294967293,54
4294967293,53
4294967293,52
4294967293,51
4294967293,50
4294967293,49
4294967293,48
4294967293,47
4294967293,46
4294967293,45
4294967293,44
4294967293,43
4294967293,42
4294967293,41
4294967293,40
4294967293,39
4294967293,38
4294967293,37
4294967293,36
4294967293,35
4294967293,34
4294967293,33
4294967293,32
4294967293,31
4294967293,30
4294967293,29
4294967293,28
4294967293,27
4294967293,26
4294967293,25
4294967293,24
4294967293,23
4294967293,22
4294967293,21
4294967293,20
4294967293,19
4294967293,18
4294967293,17
4294967293,16
4294967293,15
4294967293,14
4294967293,13
4294967293,12
4294967293,11
4294967293,10
4294967293,9
4294967293,8
4294967293,7
4294967293,6
4294967293,5
4294967293,4
4294967293,3
4294967278,405
4294967278,393
4294967278,447
4294967278,221
4294967278,387
4294967279,338
4294967279,78
4294967279,77
4294967279,74
4294967279,72
4294967279,71
4294967279,70
4294967279,69
4294967279,68
4294967279,67
4294967279,66
4294967279,65
4294967279,64
4294967279,63
4294967279,62
4294967279,61
4294967279,60
4294967279,59
4294967279,58
4294967279,57
4294967279,56
4294967279,55
4294967279,54
4294967279,53
4294967279,52
4294967279,51
4294967279,50
4294967279,49
4294967279,48
4294967279,47
4294967279,46
4294967279,45
4294967279,44
4294967279,43
4294967279,42
4294967279,41
4294967279,40
4294967279,39
4294967279,38
4294967279,37
4294967279,36
4294967279,35
4294967279,34
4294967279,33
4294967279,32
4294967279,363
4294967279,31
4294967279,30
4294967279,29
4294967279,28
4294967279,27
4294967279,26
258,1
436,643
436,647
436,648
436,646
436,644
436,645
436,641
436,642
436,640
436,350
436,361
436,351
436,352
436,346
436,332
436,337
436,324
436,325
436,191
436,185
436,320
436,177
436,156
436,162
436,146
436,139
436,119
436,122
436,109
436,99
436,91
436,81
436,73
436,55
436,28
436,41
436,38
436,344
436,660
436,650
436,651
436,658
436,656
436,655
436,652
436,654
436,657
436,653
436,649
436,27
436,5
4294967294,1040
4294967278,168
4294967294,445
4294967294,139
4294967294,446
4294967294,429
4294967294,430
4294967294,961
4294967294,1422
4294967294,960
4294967294,1421
4294967294,432
4294967294,155
4294967294,423
4294967294,434
4294967294,457
257,98
257,2
4294967278,143
251,8
251,1
251,7
251,2
258,135
4294967294,499
4294967279,418
319,7
319,6
319,5
318,5
257,97
4294967279,161
4294967279,417
4294967278,136
4294967278,455
4294967278,454
4294967279,422
86,4
4294967278,288
258,106
4294967279,251
4294967279,419
258,111
4294967278,195
4294967279,193
257,58
4294967278,175
4294967278,453
4294967279,293
257,96
4294967279,265
4294967279,262
4294967278,331
4294967278,452
258,134
4294967279,341
4294967279,228
4294967278,204
4294967279,205
4294967278,203
4294967279,203
4294967278,451
4294967278,189
4294967279,171
4294967278,450
4294967278,449
4294967279,360
4294967279,143
4294967279,416
4294967279,264
4294967279,415
4294967279,354
4294967278,448
4294967279,521
4294967279,414
4294967279,413
257,95
4294967279,194
4294967278,335
4294967279,412
4294967279,451
4294967278,434
4294967279,411
4294967278,159
4294967279,410
4294967278,155
4294967279,450
4294967294,1688
4294967294,1682
4294967279,409
4294967278,150
4294967294,411
4294967278,147
4294967278,324
4294967294,494
4294967294,1152
4294967294,1032
4294967279,275
4294967278,442
4294967279,271
4294967279,408
4294967294,1444
4294967278,430
4294967278,319
4294967279,407
475,4
4294967279,406
318,4
319,4
4294967279,405
4294967294,1465
4294967294,407
4294967278,315
4294967279,404
4294967279,403
4294967279,402
4294967294,1470
4294967279,401
4294967279,400
4294967278,311
4294967279,232
4294967279,76
4294967279,75
4294967279,399
258,133
258,2
4294967278,386
4294967279,398
4294967279,397
4294967279,396
4294967279,395
4294967278,303
4294967294,397
4294967294,128
4294967294,179
4294967294,1019
4294967294,421
4294967294,981
4294967294,1456
4294967279,394
4294967279,393
4294967278,372
4294967279,392
4294967278,157
4294967294,1687
4294967278,301
4294967278,300
4294967279,391
4294967279,390
4294967278,298
4294967279,389
4294967278,148
257,4
4294967279,388
4294967278,293
4294967278,88
4294967279,142
4294967278,291
4294967278,290
4294967279,387
4294967279,288
4294967278,272
4294967279,386
4294967278,271
257,94
4294967278,289
4294967279,385
4294967279,384
4294967278,261
4294967294,1429
4294967294,1425
4294967294,390
4294967279,297
4294967279,226
4294967294,416
4294967294,988
4294967294,1021
4294967279,565
4294967278,255
4294967278,245
4294967278,285
4294967279,227
4294967279,146
4294967278,284
4294967294,1028
4294967294,1026
4294967294,402
4294967278,281
4294967278,277
4294967279,314
4294967279,528
4294967279,333
4294967279,313
4294967294,396
4294967294,409
4294967294,1020
4294967294,186
4294967294,406
4294967294,384
4294967294,427
4294967294,404
4294967294,412
4294967294,1427
4294967279,307
4294967278,219
4294967278,217
4294967279,224
4294967279,359
4294967279,318
4294967294,1463
4294967279,305
4294967279,294
4294967278,263
4294967278,446
4294967279,571
183,10
183,7
183,11
183,6
183,9
183,8
256,4
75,4
4294967294,1460
4294967279,570
4294967294,392
4294967279,566
4294967294,485
4294967278,309
4294967279,564
247,4
256,5
251,5
251,6
258,4
4294967278,445
4294967279,562
4294967278,444
251,4
4294967294,399
4294967294,386
4294967294,178
4294967294,417
4294967294,456
4294967279,556
4294967294,50
4294967279,555
4294967278,370
4294967294,112
4294967294,31
4294967294,1461
4294967294,487
4294967294,1462
4294967294,426
4294967294,394
4294967294,428
257,57
257,93
258,193
258,101
258,132
258,0
258,108
258,192
258,98
257,92
103,4
258,131
257,91
4294967278,215
4294967278,375
4294967279,364
4294967278,254
4294967278,443
258,97
257,90
257,56
258,130
4294967278,346
4294967278,383
4294967278,314
4294967278,382
4294967279,351
4294967279,349
4294967279,220
4294967279,312
4294967279,526
4294967279,218
4294967279,347
4294967279,321
4294967294,495
257,89
258,103
4294967278,160
4294967279,159
4294967278,145
4294967278,439
4294967278,135
4294967278,134
4294967278,280
258,129
4294967279,515
4294967278,258
258,92
257,88
4294967278,251
4294967278,249
4294967278,367
4294967278,332
4294967279,518
4294967279,357
4294967279,73
4294967279,299
4294967279,317
4294967278,202
4294967278,193
4294967294,127
4294967294,126
4294967294,18
4294967294,68
4294967294,11
4294967294,81
4294967294,96
706,4
706,3
706,2
706,1
705,4
705,3
705,2
705,1
4294967294,388
4294967294,1686
704,4
704,3
704,2
704,1
4294967294,393
4294967279,158
4294967278,156
4294967278,154
4294967278,153
703,5
4294967279,147
4294967279,145
4294967278,144
4294967279,144
703,4
703,3
703,2
703,1
4294967294,492
4294967294,1459
4294967279,135
702,5
702,4
702,3
702,2
702,1
4294967278,133
4294967294,1625
701,5
701,4
4294967279,295
701,3
701,2
701,1
4294967279,552
4294967294,1685
4294967278,259
700,5
700,4
700,3
700,2
700,1
4294967294,1684
4294967294,1730
699,5
699,4
699,2
699,1
4294967294,1595
698,5
4294967294,1683
698,4
698,2
698,1
257,55
697,6
697,5
697,4
697,3
697,2
697,1
4294967279,551
4294967278,339
4294967278,398
4294967278,378
4294967278,440
4294967278,362
4294967279,358
4294967279,352
4294967279,298
4294967279,316
257,87
4294967279,279
4294967279,315
258,105
696,9
696,8
258,89
696,7
696,6
696,5
4294967294,1681
696,4
4294967294,9
696,2
696,1
4294967278,191
4294967278,197
4294967279,192
695,5
695,4
695,2
695,1
4294967278,182
4294967294,1624
258,128
4294967278,256
4294967294,170
4294967294,987
694,5
694,4
694,3
694,2
694,1
4294967294,114
693,5
693,4
693,2
693,1
4294967294,1680
4294967294,1679
4294967294,1672
258,104
258,82
692,8
692,7
692,6
692,5
692,4
692,2
692,1
4294967278,260
691,5
691,4
691,2
691,1
4294967294,1678
690,7
690,6
690,5
690,4
690,2
690,1
4294967294,1445
4294967278,392
4294967294,1729
689,7
689,6
689,5
689,4
689,3
689,2
689,1
4294967294,37
4294967294,40
688,4
688,3
688,2
688,1
4294967279,550
687,4
687,3
687,2
687,1
4294967279,548
4294967278,371
4294967278,302
4294967278,308
4294967278,336
4294967278,317
4294967278,6
4294967278,4
4294967279,127
4294967279,125
4294967279,124
4294967279,123
4294967279,122
4294967279,121
4294967279,120
4294967279,119
4294967279,118
4294967279,117
4294967279,116
4294967279,115
4294967279,114
4294967279,113
4294967279,112
4294967279,111
4294967279,110
4294967279,109
4294967279,108
4294967279,107
4294967279,106
4294967279,105
4294967279,104
4294967279,103
4294967279,102
4294967279,101
4294967279,100
4294967279,99
4294967279,98
4294967279,97
4294967279,96
4294967279,95
4294967279,94
4294967279,93
4294967279,92
4294967279,91
4294967279,90
4294967279,89
4294967279,87
4294967279,86
4294967279,85
4294967279,84
4294967279,83
4294967279,82
4294967279,81
4294967279,80
4294967279,79
686,5
686,4
686,2
686,1
258,99
192,5
685,5
685,4
685,2
685,1
684,6
684,5
684,4
684,2
684,1
257,86
683,5
683,4
683,2
683,1
4294967279,547
4294967294,1435
4294967294,1453
4294967294,1536
682,5
682,4
682,3
682,2
682,1
250,4
681,5
681,4
681,2
681,1
4294967294,1623
680,5
680,4
680,2
680,1
679,5
679,4
679,2
679,1
4294967279,274
4294967279,272
4294967278,282
678,7
678,6
678,5
678,4
678,3
678,2
678,1
677,4
677,3
677,2
677,1
676,6
676,5
676,4
676,3
676,2
676,1
4294967294,1451
4294967294,1677
4294967294,420
675,5
675,4
675,2
675,1
674,5
674,4
674,2
674,1
258,102
4294967294,1043
4294967278,403
4294967278,441
4294967278,357
4294967294,120
4294967294,1676
673,4
673,3
673,2
673,1
4294967294,1622
4294967294,1552
4294967294,452
672,4
672,3
672,2
672,1
4294967294,1675
4294967294,1558
4294967294,1728
671,5
671,4
671,2
671,1
670,5
670,4
670,2
670,1
669,4
669,3
669,2
669,1
668,4
668,3
668,2
668,1
667,4
667,3
667,2
667,1
666,6
666,5
666,4
666,2
666,1
4294967294,29
4294967294,91
4294967294,90
4294967294,87
4294967294,86
257,85
665,6
665,5
665,4
665,2
665,1
664,8
664,7
664,6
664,5
664,4
4294967278,364
664,2
664,1
4294967294,1674
4294967294,1621
663,5
663,4
663,2
663,1
4294967279,546
662,6
662,5
662,4
662,2
662,1
661,6
661,5
661,4
661,2
661,1
4294967279,535
4243767290,0
4294967294,116
660,5
660,4
660,3
660,2
660,1
4294967294,1673
4294967294,1578
4294967294,395
659,5
659,4
659,2
659,1
4294967294,1572
658,7
658,6
658,5
658,4
658,3
658,2
658,1
4294967294,1671
657,6
657,5
657,4
657,3
657,2
657,1
656,6
656,5
656,4
656,2
656,1
655,6
655,5
655,4
655,3
655,2
655,1
4294967278,342
257,54
654,5
654,4
654,3
654,2
654,1
4294967294,1620
653,19
653,0
653,18
653,5
653,17
653,16
653,15
653,14
653,13
653,12
653,11
653,10
653,9
4294967279,319
4294967278,253
653,8
653,7
653,6
258,100
653,4
653,2
653,1
257,84
652,5
652,4
652,3
652,2
652,1
4294967278,214
651,5
651,4
651,3
651,2
651,1
650,6
650,5
650,4
650,2
650,1
649,4
649,3
649,2
649,1
4294967279,257
4294967294,1670
4294967294,1669
648,9
648,8
648,7
4294967294,1668
648,6
648,5
648,4
648,2
648,1
258,70
4294967294,94
647,6
647,5
647,4
647,3
647,2
647,1
4294967279,557
4294967294,1667
4294967294,1666
4294967294,1665
4294967294,1590
4294967294,1664
646,5
646,4
4294967279,532
646,2
646,1
645,5
645,4
645,3
645,2
645,1
4294967294,1599
4294967294,1619
644,0
644,8
644,7
644,6
644,5
644,4
644,2
644,1
4294967294,1598
643,4
643,3
643,2
643,1
4294967294,400
4294967294,1597
642,7
642,6
642,5
642,4
642,3
642,2
642,1
4294967294,1596
4294967294,1580
641,5
641,4
641,3
641,2
641,1
640,5
640,4
640,3
640,2
640,1
4294967278,334
639,5
639,4
639,2
639,1
638,68
4294967278,438
638,67
638,50
638,48
638,66
638,65
638,0
257,83
638,64
638,49
638,44
4294967278,436
638,47
638,46
638,45
638,40
4294967278,435
638,43
638,42
638,41
638,36
638,39
638,38
638,37
638,31
638,35
638,34
638,33
4294967278,433
638,32
638,27
638,30
638,29
638,28
638,22
638,26
4294967278,431
638,25
638,24
638,23
638,20
638,21
638,17
638,19
638,18
638,13
638,16
638,15
638,14
638,11
638,12
638,10
638,5
638,9
638,8
638,7
638,6
638,4
638,2
638,1
4294967294,1618
4294967294,986
258,83
637,75
637,50
637,74
637,70
637,29
637,73
637,72
637,41
637,71
637,45
637,63
637,69
637,68
637,56
637,67
637,66
637,44
637,65
637,0
637,64
637,62
637,61
637,60
637,59
637,31
637,58
637,57
637,37
637,55
637,35
637,54
637,53
637,52
258,96
637,51
637,17
637,18
637,49
637,15
637,48
637,47
637,46
637,12
637,43
637,42
637,40
637,27
637,39
637,38
637,16
637,36
637,21
637,34
637,33
637,14
637,32
637,23
637,30
637,28
637,11
637,26
637,25
637,24
637,22
4294967279,148
637,20
637,19
637,5
637,7
637,13
4294967278,429
